Google.com
10
9
10
9
10
12
10
10
10
10
Youtube.com
10
10
10
10
11
10
10
17
12
10
Facebook.com
9
9
9
9
10
11
13
9
10
10
Baidu.com
10
9
11
11
11
10
10
10
12
9
Wikipedia.org
9
15
11
11
10
12
16
12
10
16
Qq.com
14
9
13
15
9
13
11
10
11
11
Yahoo.com
9
17
11
10
10
10
10
10
20
11
Tmall.com
25
12
11
11
9
9
13
10
11
10
Taobao.com
9
10
15
11
11
10
9
11
12
10
Amazon.com
13
10
10
14
11
10
10
9
12
10
Twitter.com
10
12
10
15
9
10
16
12
9
11
Sohu.com
10
10
11
9
18
9
9
17
10
10
Jd.com
228
9
15
9
11
10
12
10
11
14
Vk.com
20
10
9
10
9
9
11
10
9
10
Live.com
17
9
13
10
9
10
10
19
9
10
Instagram.com
10
10
10
9
10
21
10
9
10
10
Yandex.ru
9
10
11
12
10
16
9
11
10
9
Weibo.com
14
17
10
12
9
10
11
10
10
13
Sina.com.cn
225
10
11
9
9
9
14
13
11
9
360.cn
119
9
9
9
11
9
11
10
12
13
Reddit.com
10
9
11
10
11
10
16
11
10
10
Login.tmall.com
29
10
10
11
10
10
11
13
12
10
Blogspot.com
26
10
10
11
9
10
16
12
11
10
Netflix.com
10
10
10
10
9
10
9
11
10
17
Linkdin.com
44
27
10
29
34
11
82
10
23
14